Quantitative Variable Information

Summary of Balance
   Min. 1st Qu.  Median    Mean 3rd Qu.    Max. 
   0.00   68.75  459.50  520.00  863.00 1999.00 

Summary of Income
   Min. 1st Qu.  Median    Mean 3rd Qu.    Max. 
  10.35   21.01   33.12   45.22   57.47  186.60 

Summary of Limit
   Min. 1st Qu.  Median    Mean 3rd Qu.    Max. 
    855    3088    4622    4736    5873   13910 

Summary of Rating
   Min. 1st Qu.  Median    Mean 3rd Qu.    Max. 
   93.0   247.2   344.0   354.9   437.2   982.0 

Summary of Cards
   Min. 1st Qu.  Median    Mean 3rd Qu.    Max. 
  1.000   2.000   3.000   2.958   4.000   9.000 

Summary of Age
   Min. 1st Qu.  Median    Mean 3rd Qu.    Max. 
  23.00   41.75   56.00   55.67   70.00   98.00 

Summary of Education
   Min. 1st Qu.  Median    Mean 3rd Qu.    Max. 
   5.00   11.00   14.00   13.45   16.00   20.00 

Summary of Other Descriptive Statistics
    credit.Income credit.Limit credit.Rating credit.Cards credit.Age
1          14.891         3606           283            2         34
2         106.025         6645           483            3         82
3         104.593         7075           514            4         71
4         148.924         9504           681            3         36
5          55.882         4897           357            2         68
6          80.180         8047           569            4         77
7          20.996         3388           259            2         37
8          71.408         7114           512            2         87
9          15.125         3300           266            5         66
10         71.061         6819           491            3         41
11         63.095         8117           589            4         30
12         15.045         1311           138            3         64
13         80.616         5308           394            1         57
14         43.682         6922           511            1         49
15         19.144         3291           269            2         75
16         20.089         2525           200            3         57
17         53.598         3714           286            3         73
18         36.496         4378           339            3         69
19         49.570         6384           448            1         28
20         42.079         6626           479            2         44
21         17.700         2860           235            4         63
22         37.348         6378           458            1         72
23         20.103         2631           213            3         61
24         64.027         5179           398            5         48
25         10.742         1757           156            3         57
26         14.090         4323           326            5         25
27         42.471         3625           289            6         44
28         32.793         4534           333            2         44
29        186.634        13414           949            2         41
30         26.813         5611           411            4         55
31         34.142         5666           413            4         47
32         28.941         2733           210            5         43
33        134.181         7838           563            2         48
34         31.367         1829           162            4         30
35         20.150         2646           199            2         25
36         23.350         2558           220            3         49
37         62.413         6457           455            2         71
38         30.007         6481           462            2         69
39         11.795         3899           300            4         25
40         13.647         3461           264            4         47
41         34.950         3327           253            3         54
42        113.659         7659           538            2         66
43         44.158         4763           351            2         66
44         36.929         6257           445            1         24
45         31.861         6375           469            3         25
46         77.380         7569           564            3         50
47         19.531         5043           376            2         64
48         44.646         4431           320            2         49
49         44.522         2252           205            6         72
50         43.479         4569           354            4         49
51         36.362         5183           376            3         49
52         39.705         3969           301            2         27
53         44.205         5441           394            1         32
54         16.304         5466           413            4         66
55         15.333         1499           138            2         47
56         32.916         1786           154            2         60
57         57.100         4742           372            7         79
58         76.273         4779           367            4         65
59         10.354         3480           281            2         70
60         51.872         5294           390            4         81
61         35.510         5198           364            2         35
62         21.238         3089           254            3         59
63         30.682         1671           160            2         77
64         14.132         2998           251            4         75
65         32.164         2937           223            2         79
66         12.000         4160           320            4         28
67        113.829         9704           694            4         38
68         11.187         5099           380            4         69
69         27.847         5619           418            2         78
70         49.502         6819           505            4         55
71         24.889         3954           318            4         75
72         58.781         7402           538            2         81
73         22.939         4923           355            1         47
74         23.989         4523           338            4         31
75         16.103         5390           418            4         45
76         33.017         3180           224            2         28
77         30.622         3293           251            1         68
78         20.936         3254           253            1         30
79        110.968         6662           468            3         45
80         15.354         2101           171            2         65
81         27.369         3449           288            3         40
82         53.480         4263           317            1         83
83         23.672         4433           344            3         63
84         19.225         1433           122            3         38
85         43.540         2906           232            4         69
86        152.298        12066           828            4         41
87         55.367         6340           448            1         33
88         11.741         2271           182            4         59
89         15.560         4307           352            4         57
90         59.530         7518           543            3         52
91         20.191         5767           431            4         42
92         48.498         6040           456            3         47
93         30.733         2832           249            4         51
94         16.479         5435           388            2         26
95         38.009         3075           245            3         45
96         14.084          855           120            5         46
97         14.312         5382           367            1         59
98         26.067         3388           266            4         74
99         36.295         2963           241            2         68
100        83.851         8494           607            5         47
101        21.153         3736           256            1         41
102        17.976         2433           190            3         70
103        68.713         7582           531            2         56
104       146.183         9540           682            6         66
105        15.846         4768           365            4         53
106        12.031         3182           259            2         58
107        16.819         1337           115            2         74
108        39.110         3189           263            3         72
109       107.986         6033           449            4         64
110        13.561         3261           279            5         37
111        34.537         3271           250            3         57
112        28.575         2959           231            2         60
113        46.007         6637           491            4         42
114        69.251         6386           474            4         30
115        16.482         3326           268            4         41
116        40.442         4828           369            5         81
117        35.177         2117           186            3         62
118        91.362         9113           626            1         47
119        27.039         2161           173            3         40
120        23.012         1410           137            3         81
121        27.241         1402           128            2         67
122       148.080         8157           599            2         83
123        62.602         7056           481            1         84
124        11.808         1300           117            3         77
125        29.564         2529           192            1         30
126        27.578         2531           195            1         34
127        26.427         5533           433            5         50
128        57.202         3411           259            3         72
129       123.299         8376           610            2         89
130        18.145         3461           279            3         56
131        23.793         3821           281            4         56
132        10.726         1568           162            5         46
133        23.283         5443           407            4         49
134        21.455         5829           427            4         80
135        34.664         5835           452            3         77
136        44.473         3500           257            3         81
137        54.663         4116           314            2         70
138        36.355         3613           278            4         35
139        21.374         2073           175            2         74
140       107.841        10384           728            3         87
141        39.831         6045           459            3         32
142        91.876         6754           483            2         33
143       103.893         7416           549            3         84
144        19.636         4896           387            3         64
145        17.392         2748           228            3         32
146        19.529         4673           341            2         51
147        17.055         5110           371            3         55
148        23.857         1501           150            3         56
149        15.184         2420           192            2         69
150        13.444          886           121            5         44
151        63.931         5728           435            3         28
152        35.864         4831           353            3         66
153        41.419         2120           184            4         24
154        92.112         4612           344            3         32
155        55.056         3155           235            2         31
156        19.537         1362           143            4         34
157        31.811         4284           338            5         75
158        56.256         5521           406            2         72
159        42.357         5550           406            2         83
160        53.319         3000           235            3         53
161        12.238         4865           381            5         67
162        31.353         1705           160            3         81
163        63.809         7530           515            1         56
164        13.676         2330           203            5         80
165        76.782         5977           429            4         44
166        25.383         4527           367            4         46
167        35.691         2880           214            2         35
168        29.403         2327           178            1         37
169        27.470         2820           219            1         32
170        27.330         6179           459            4         36
171        34.772         2021           167            3         57
172        36.934         4270           299            1         63
173        76.348         4697           344            4         60
174        14.887         4745           339            3         58
175       121.834        10673           750            3         54
176        30.132         2168           206            3         52
177        24.050         2607           221            4         32
178        22.379         3965           292            2         34
179        28.316         4391           316            2         29
180        58.026         7499           560            5         67
181        10.635         3584           294            5         69
182        46.102         5180           382            3         81
183        58.929         6420           459            2         66
184        80.861         4090           335            3         29
185       158.889        11589           805            1         62
186        30.420         4442           316            1         30
187        36.472         3806           309            2         52
188        23.365         2179           167            2         75
189        83.869         7667           554            2         83
190        58.351         4411           326            2         85
191        55.187         5352           385            4         50
192       124.290         9560           701            3         52
193        28.508         3933           287            4         56
194       130.209        10088           730            7         39
195        30.406         2120           181            2         79
196        23.883         5384           398            2         73
197        93.039         7398           517            1         67
198        50.699         3977           304            2         84
199        27.349         2000           169            4         51
200        10.403         4159           310            3         43
201        23.949         5343           383            2         40
202        73.914         7333           529            6         67
203        21.038         1448           145            2         58
204        68.206         6784           499            5         40
205        57.337         5310           392            2         45
206        10.793         3878           321            8         29
207        23.450         2450           180            2         78
208        10.842         4391           358            5         37
209        51.345         4327           320            3         46
210       151.947         9156           642            2         91
211        24.543         3206           243            2         62
212        29.567         5309           397            3         25
213        39.145         4351           323            2         66
214        39.422         5245           383            2         44
215        34.909         5289           410            2         62
216        41.025         4229           337            3         79
217        15.476         2762           215            3         60
218        12.456         5395           392            3         65
219        10.627         1647           149            2         71
220        38.954         5222           370            4         76
221        44.847         5765           437            3         53
222        98.515         8760           633            5         78
223        33.437         6207           451            4         44
224        27.512         4613           344            5         72
225       121.709         7818           584            4         50
226        15.079         5673           411            4         28
227        59.879         6906           527            6         78
228        66.989         5614           430            3         47
229        69.165         4668           341            2         34
230        69.943         7555           547            3         76
231        33.214         5137           387            3         59
232        25.124         4776           378            4         29
233        15.741         4788           360            1         39
234        11.603         2278           187            3         71
235        69.656         8244           579            3         41
236        10.503         2923           232            3         25
237        42.529         4986           369            2         37
238        60.579         5149           388            5         38
239        26.532         2910           236            6         58
240        27.952         3557           263            1         35
241        29.705         3351           262            5         71
242        15.602          906           103            2         36
243        20.918         1233           128            3         47
244        58.165         6617           460            1         56
245        22.561         1787           147            4         66
246        34.509         2001           189            5         80
247        19.588         3211           265            4         59
248        36.364         2220           188            3         50
249        15.717          905            93            1         38
250        22.574         1551           134            3         43
251        10.363         2430           191            2         47
252        28.474         3202           267            5         66
253        72.945         8603           621            3         64
254        85.425         5182           402            6         60
255        36.508         6386           469            4         79
256        58.063         4221           304            3         50
257        25.936         1774           135            2         71
258        15.629         2493           186            1         60
259        41.400         2561           215            2         36
260        33.657         6196           450            6         55
261        67.937         5184           383            4         63
262       180.379         9310           665            3         67
263        10.588         4049           296            1         66
264        29.725         3536           270            2         52
265        27.999         5107           380            1         55
266        40.885         5013           379            3         46
267        88.830         4952           360            4         86
268        29.638         5833           433            3         29
269        25.988         1349           142            4         82
270        39.055         5565           410            4         48
271        15.866         3085           217            1         39
272        44.978         4866           347            1         30
273        30.413         3690           299            2         25
274        16.751         4706           353            6         48
275        30.550         5869           439            5         81
276       163.329         8732           636            3         50
277        23.106         3476           257            2         50
278        41.532         5000           353            2         50
279       128.040         6982           518            2         78
280        54.319         3063           248            3         59
281        53.401         5319           377            3         35
282        36.142         1852           183            3         33
283        63.534         8100           581            2         50
284        49.927         6396           485            3         75
285        14.711         2047           167            2         67
286        18.967         1626           156            2         41
287        18.036         1552           142            2         48
288        60.449         3098           272            4         69
289        16.711         5274           387            3         42
290        10.852         3907           296            2         30
291        26.370         3235           268            5         78
292        24.088         3665           287            4         56
293        51.532         5096           380            2         31
294       140.672        11200           817            7         46
295        42.915         2532           205            4         42
296        27.272         1389           149            5         67
297        65.896         5140           370            1         49
298        55.054         4381           321            3         74
299        20.791         2672           204            1         70
300        24.919         5051           372            3         76
301        21.786         4632           355            1         50
302        31.335         3526           289            3         38
303        59.855         4964           365            1         46
304        44.061         4970           352            1         79
305        82.706         7506           536            2         64
306        24.460         1924           165            2         50
307        45.120         3762           287            3         80
308        75.406         3874           298            3         41
309        14.956         4640           332            2         33
310        75.257         7010           494            3         34
311        33.694         4891           369            1         52
312        23.375         5429           396            3         57
313        27.825         5227           386            6         63
314        92.386         7685           534            2         75
315       115.520         9272           656            2         69
316        14.479         3907           296            3         43
317        52.179         7306           522            2         57
318        68.462         4712           340            2         71
319        18.951         1485           129            3         82
320        27.590         2586           229            5         54
321        16.279         1160           126            3         78
322        25.078         3096           236            2         27
323        27.229         3484           282            6         51
324       182.728        13913           982            4         98
325        31.029         2863           223            2         66
326        17.765         5072           364            1         66
327       125.480        10230           721            3         82
328        49.166         6662           508            3         68
329        41.192         3673           297            3         54
330        94.193         7576           527            2         44
331        20.405         4543           329            2         72
332        12.581         3976           291            2         48
333        62.328         5228           377            3         83
334        21.011         3402           261            2         68
335        24.230         4756           351            2         64
336        24.314         3409           270            2         23
337        32.856         5884           438            4         68
338        12.414          855           119            3         32
339        41.365         5303           377            1         45
340       149.316        10278           707            1         80
341        27.794         3807           301            4         35
342        13.234         3922           299            2         77
343        14.595         2955           260            5         37
344        10.735         3746           280            2         44
345        48.218         5199           401            7         39
346        30.012         1511           137            2         33
347        21.551         5380           420            5         51
348       160.231        10748           754            2         69
349        13.433         1134           112            3         70
350        48.577         5145           389            3         71
351        30.002         1561           155            4         70
352        61.620         5140           374            1         71
353       104.483         7140           507            2         41
354        41.868         4716           342            2         47
355        12.068         3873           292            1         44
356       180.682        11966           832            2         58
357        34.480         6090           442            3         36
358        39.609         2539           188            1         40
359        30.111         4336           339            1         81
360        12.335         4471           344            3         79
361        53.566         5891           434            4         82
362        53.217         4943           362            2         46
363        26.162         5101           382            3         62
364        64.173         6127           433            1         80
365       128.669         9824           685            3         67
366       113.772         6442           489            4         69
367        61.069         7871           564            3         56
368        23.793         3615           263            2         70
369        89.000         5759           440            3         37
370        71.682         8028           599            3         57
371        35.610         6135           466            4         40
372        39.116         2150           173            4         75
373        19.782         3782           293            2         46
374        55.412         5354           383            2         37
375        29.400         4840           368            3         76
376        20.974         5673           413            5         44
377        87.625         7167           515            2         46
378        28.144         1567           142            3         51
379        19.349         4941           366            1         33
380        53.308         2860           214            1         84
381       115.123         7760           538            3         83
382       101.788         8029           574            2         84
383        24.824         5495           409            1         33
384        14.292         3274           282            9         64
385        20.088         1870           180            3         76
386        26.400         5640           398            3         58
387        19.253         3683           287            4         57
388        16.529         1357           126            3         62
389        37.878         6827           482            2         80
390        83.948         7100           503            2         44
391       135.118        10578           747            3         81
392        73.327         6555           472            2         43
393        25.974         2308           196            2         24
394        17.316         1335           138            2         65
395        49.794         5758           410            4         40
396        12.096         4100           307            3         32
397        13.364         3838           296            5         65
398        57.872         4171           321            5         67
399        37.728         2525           192            1         44
400        18.701         5524           415            5         64
    credit.Education credit.Balance
1                 11            333
2                 15            903
3                 11            580
4                 11            964
5                 16            331
6                 10           1151
7                 12            203
8                  9            872
9                 13            279
10                19           1350
11                14           1407
12                16              0
13                 7            204
14                 9           1081
15                13            148
16                15              0
17                17              0
18                15            368
19                 9            891
20                 9           1048
21                16             89
22                17            968
23                10              0
24                 8            411
25                15              0
26                16            671
27                12            654
28                16            467
29                14           1809
30                16            915
31                 5            863
32                16              0
33                13            526
34                10              0
35                14              0
36                12            419
37                11            762
38                 9           1093
39                10            531
40                14            344
41                14             50
42                15           1155
43                13            385
44                14            976
45                16           1120
46                12            997
47                16           1241
48                15            797
49                15              0
50                13            902
51                15            654
52                20            211
53                12            607
54                10            957
55                 9              0
56                 8              0
57                18            379
58                14            133
59                17            333
60                17            531
61                20            631
62                10            108
63                 7              0
64                17            133
65                15              0
66                14            602
67                13           1388
68                16            889
69                15            822
70                14           1084
71                12            357
72                12           1103
73                18            663
74                15            601
75                10            945
76                16             29
77                16            532
78                15            145
79                11            391
80                14              0
81                 9            162
82                15             99
83                11            503
84                14              0
85                11              0
86                12           1779
87                15            815
88                12              0
89                 8            579
90                 9           1176
91                16           1023
92                16            812
93                13              0
94                16            937
95                15              0
96                17              0
97                17           1380
98                17            155
99                14            375
100               18           1311
101               11            298
102               16            431
103               16           1587
104               15           1050
105               12            745
106               18            210
107               15              0
108               12              0
109               14            227
110               19            297
111               17             47
112               11              0
113               14           1046
114               12            768
115               15            271
116                8            510
117               16              0
118               17           1341
119               17              0
120               16              0
121               15              0
122               13            454
123               11            904
124               14              0
125               12              0
126               15              0
127               15           1404
128               11              0
129               17           1259
130               15            255
131               12            868
132               19              0
133               13            912
134               12           1018
135               15            835
136               16              8
137                8             75
138                9            187
139               11              0
140                7           1597
141               12           1425
142               10            605
143               17            669
144               10            710
145               14             68
146               14            642
147               15            805
148               16              0
149               11              0
150               10              0
151               14            581
152               13            534
153               11            156
154               17              0
155               16              0
156                9              0
157               13            429
158               16           1020
159               12            653
160               13              0
161               11            836
162               14              0
163               12           1086
164               16              0
165               12            548
166               11            570
167               15              0
168               14              0
169               11              0
170               12           1099
171                9              0
172                9            283
173               18            108
174               12            724
175               16           1573
176               17              0
177               18              0
178               14            384
179               10            453
180               11           1237
181               16            423
182               12            516
183                9            789
184               15              0
185               17           1448
186               14            450
187               13            188
188               15              0
189               11            930
190               16            126
191               17            538
192               17           1687
193               14            336
194               19           1426
195               14              0
196               16            802
197               12            749
198               17             69
199               16              0
200                7            571
201               18            829
202               15           1048
203               13              0
204               16           1411
205                7            456
206               13            638
207               13              0
208               10           1216
209               15            230
210               11            732
211               12             95
212               15            799
213               13            308
214               19            637
215               16            681
216               19            246
217               18             52
218               14            955
219               10            195
220               13            653
221               13           1246
222               11           1230
223                9           1549
224               17            573
225                6            701
226               15           1075
227               15           1032
228               14            482
229               11            156
230                9           1058
231                9            661
232               12            657
233               14            689
234               11              0
235               14           1329
236               18            191
237               11            489
238               15            443
239               19             52
240               13            163
241               14            148
242               11              0
243               18             16
244               12            856
245               15              0
246               18              0
247               14            199
248               19              0
249               16              0
250               13             98
251               18              0
252               12            132
253                8           1355
254               12            218
255                6           1048
256                8            118
257               14              0
258               14              0
259               14              0
260                9           1092
261               12            345
262                8           1050
263               13            465
264               15            133
265               10            651
266               13            549
267               16             15
268               15            942
269               12              0
270               18            772
271               13            136
272               10            436
273               15            728
274               14           1255
275                9            967
276               14            529
277               15            209
278               12            531
279               11            250
280                8            269
281               12            541
282               13              0
283               17           1298
284               17            890
285                6              0
286               11              0
287               15              0
288                8              0
289               16            863
290                9            485
291               11            159
292               13            309
293               15            481
294                9           1677
295               13              0
296               10              0
297               17            293
298               17            188
299               18              0
300               11            711
301               17            580
302                7            172
303               13            295
304               11            414
305               13            905
306               14              0
307                8             70
308               14              0
309                6            681
310               18            885
311               16           1036
312               15            844
313               11            823
314               18            843
315               14           1140
316               16            463
317               14           1142
318               16            136
319               13              0
320               16              0
321               13              5
322               15             81
323               11            265
324               17           1999
325               17            415
326               12            732
327               16           1361
328               14            984
329               16            121
330               16            846
331               17           1054
332               16            474
333               15            380
334               17            182
335               15            594
336                7            194
337               13            926
338               12              0
339               14            606
340               16           1107
341                8            320
342               17            426
343                9            204
344               17            410
345               10            633
346               17              0
347               18            907
348               17           1192
349               14              0
350               13            503
351               13              0
352                9            302
353               14            583
354               18            425
355               18            413
356                8           1405
357               14            962
358               14              0
359               18            347
360               12            611
361               10            712
362               16            382
363               19            710
364               10            578
365               16           1243
366               15            790
367               14           1264
368               14            216
369                6            345
370               16           1208
371               12            992
372               15              0
373               16            840
374               16           1003
375               18            588
376               16           1000
377               10            767
378               10              0
379               19            717
380               10              0
381               14            661
382               11            849
383                9           1352
384                9            382
385               16              0
386               15            905
387               10            371
388                9              0
389               13           1129
390               18            806
391               15           1393
392               15            721
393               10              0
394               13              0
395                8            734
396               13            560
397               17            480
398               12            138
399               13              0
400                7            966


Qualitative Variable Tables

Gender Table
  Gender Frequency Relative Frequency
1   Male       193             0.4825
2 Female       207             0.5175

Student Table
  Student? Frequency Relative Frequency
1       No       360                0.9
2      Yes        40                0.1

Married Table
  Married? Frequency Relative Frequency
1       No       155             0.3875
2      Yes       245             0.6125

Ethnicity Table
         Ethnicity Frequency Relative Frequency
1 African American        99             0.2475
2            Asian       102             0.2550
3        Caucasian       199             0.4975


Relationship Between Balance and Qualitative Variables

Anova
Call:
   aov(formula = Balance ~ Gender + Student + Married + Ethnicity, 
    data = credit)

Terms:
                  Gender  Student  Married Ethnicity Residuals
Sum of Squares     38892  5623889    16976     58038  78602117
Deg. of Freedom        1        1        1         2       394

Residual standard error: 446.6517
Estimated effects may be unbalanced
